function QP=EuroStoxx50()
QP.Rr=[0.005177595696
0.004079741787
0.004472948285
0.00D2844015561
0.003343882343
0.004591408767
0.005106073834
0.006961565511
0.005074496567
0.00495501389
0.00423222904
0.00294980252
0.001665101597
0.005362043432
0.005005243747
0.004615106076
0.0009175569292
0.007233531118
0.004132072557
0.003870271406
0.005309124841
0.0064109229
0.01149914278
0.0007435327557
0.002390921559
0.005707344508
0.006901218761
0.006354120981
0.007275108376
0.004803910898
0.004040805881
0.002503003737
0.001843456752
0.002022052028
0.003967347852
0.003568583761
0.005093081731
0.006861415013
0.007404481906
0.001828470949
0.003414534817
0.005459264218
0.003992883923
0.006303586801
0.003450311532
-0.004046709498
0.004992553812
0.004876752465]

QP.Dd=[0.0008737065843	0.0003466588531	0.0007308669312	0.0003638565178	0.0002363428241	0.0005989019982	0.000436787796	0.0005352569718	0.0004390775603	0.0002279020087	0.0004629552506	0.0003143908415	0.0005825174735	0.0007380575074	0.0005498986454	0.0005413749917	0.0003267088917	0.0002388826513	0.0001316019792	0.0002071668827	0.0002474366914	0.0005757090715	-1.02809457e-005	0.0003759416282	0.0003259869252	0.0005180377607	0.0002524052872	0.0007120209199	0.0003990780953	0.0004391102089	0.0004426144723	0.0006508529665	0.0004319528084	0.0003092264711	0.0006404187066	0.000263762495	0.0004793381309	0.0002690741099	0.000448545166	0.0003220439833	0.0004442483803	0.000412057007	0.0005095901073	0.0004110762783	0.0003576127864	0.0002575896685	0.0003498167763	0.0004089428503
0.0003466588531	0.000775600665	0.000393785394	0.0002627396634	0.00021032325	0.0003852507176	0.0002109409589	0.0002692216494	0.0003366716354	0.0002385808421	0.0004097051743	0.0001496843059	0.0003349891579	0.0002486097253	0.0003497164253	0.0003003957309	0.000218939815	0.0002234678265	0.0001213675563	0.0001652006796	0.0002263891615	0.000370339423	-0.0005177859479	0.0002663221588	0.0002164062256	0.0003981604903	0.0002162971772	0.0004129962456	0.0002706703593	0.0002531249589	0.0003318049898	0.00031656003	0.0001866153005	0.0002369490715	0.0003795586201	0.0001241980356	0.0003466921709	0.0001589761117	0.0003187506609	0.0001674852573	0.0003186932205	0.0003426235811	0.00032652272	0.0002540101174	0.0002447168556	0.0002786390233	0.0002798129013	0.0003141983414
0.0007308669312	0.000393785394	0.001818014928	0.0005361837604	0.000398432685	0.001230981025	0.0006841688957	0.0007339343772	0.0007168772501	0.0002696750924	0.0007170238607	0.0005381380197	0.001082968855	0.001395589967	0.0008680700979	0.0007534514816	0.0004423550847	0.0003830361466	0.0001712528993	0.0002251744102	0.0004514099877	0.0009183125397	7.418846237e-005	0.0005744690288	0.0005756800111	0.0007965194706	0.0003165124683	0.001209524208	0.0004127772356	0.0006842599945	0.0007694311642	0.001205215932	0.0007747381189	0.0005018461913	0.00120079634	0.000307536967	0.0007324803169	0.0004116926746	0.0007153569077	0.0004500634752	0.0009709259011	0.0005699694996	0.0009099001905	0.0006714239116	0.0005526797039	-0.0002098766019	0.0004668984177	0.0006764024962
0.0003638565178	0.0002627396634	0.0005361837604	0.000579785507	0.000239987543	0.0005000048137	0.000473377239	0.0004805842412	0.0003871396923	0.0002910375326	0.0003735633351	0.0002681545859	0.0005093622845	0.0005643591747	0.0004934785724	0.0004716451229	0.0001930320253	0.0002738430505	0.0001854867132	0.0002446440104	0.0003247313169	0.000426928251	-1.113950762e-005	0.0002163754994	0.0002700214762	0.0004280023422	0.0002185775549	0.0004725300644	0.000369008774	0.0004476028872	0.0003833769465	0.000512915509	0.0004208387052	0.0002924740548	0.0005989646377	0.0002368213055	0.0003817442165	0.0003251597955	0.0003572738295	0.0002880784379	0.0004393556801	0.0003178683544	0.0004809763241	0.0004322977925	0.0003041101005	0.0003680343546	0.0002644145107	0.00033438441
0.0002363428241	0.00021032325	0.000398432685	0.000239987543	0.0006856807184	0.0003535988796	0.0002643606783	0.0002755312083	0.0002662338936	0.0002863467992	0.0003235406419	0.00018129011	0.0002310177117	0.0003923467987	0.0003139531812	0.0003057751695	0.0001794016008	0.0001380716539	0.0001182235836	0.0001832157172	0.0004177683321	0.0003574669912	9.964964068e-005	0.0002240015404	0.0002321947205	0.000379589433	0.0001824475762	0.0003942641327	0.0001418944784	0.0002530670531	0.0002425326749	0.0003118631737	0.0003966831351	0.0002079027829	0.0004382987415	0.0002228800883	0.0003051691678	0.0002563974208	0.00027311155	0.0002195716539	0.0002671300911	0.0002392288971	0.0003989529646	0.0002760568607	0.0002383001233	2.744594326e-006	0.0002087897569	0.0002313569146
0.0005989019982	0.0003852507176	0.001230981025	0.0005000048137	0.0003535988796	0.001719258884	0.0007158548636	0.0008508189257	0.0006389596526	0.0002842069094	0.0006526231584	0.000444879197	0.0009184232087	0.001046371987	0.0008694287614	0.0007122831735	0.0003640018492	0.0003998775009	0.0002077831392	0.0003273289777	0.0004529898693	0.0007858348828	-1.37398452e-005	0.0004235044815	0.0005241050257	0.0007832368374	0.0001834320839	0.001013345545	0.000406610152	0.0007035150381	0.0007607787305	0.001481306224	0.0005493753515	0.0004445118766	0.0009829914792	0.0003441610097	0.0006497229603	0.0004661678484	0.0007984168252	0.0004128912518	0.0008799408768	0.0005730269368	0.0008471245412	0.0006723310892	0.0005215509138	0.0004350881367	0.0004379570419	0.0004021018843
0.000436787796	0.0002109409589	0.0006841688957	0.000473377239	0.0002643606783	0.0007158548636	0.001076085742	0.001026182379	0.0005200945037	0.0002328090194	0.0004679235426	0.0003534516367	0.000667998387	0.0006820257493	0.0006996551249	0.0006726789653	0.000302340234	0.0003479308397	0.0001790665001	0.0003052961057	0.0007852436268	0.0005000614927	3.349701108e-005	0.0002301914726	0.0002858291181	0.0005370587246	0.0001565441654	0.0006319203636	0.0003933704676	0.0005039495302	0.0004324541077	0.0008762189341	0.0004059636615	0.0003134552885	0.0006701194001	0.0003058356987	0.0004851009695	0.000604945656	0.0005841923806	0.0003910710597	0.0004712700897	0.0004895146118	0.0006620743768	0.0005264784058	0.0004377502604	0.0004887590192	0.000313259064	0.0002788162037
0.0005352569718	0.0002692216494	0.0007339343772	0.0004805842412	0.0002755312083	0.0008508189257	0.001026182379	0.001903363572	0.0005724309681	0.0002472243849	0.0005124798802	0.0003273583057	0.0007918219053	0.0004974427405	0.00090522324	0.0007746753486	0.0003895027683	0.0004436807299	0.000170449797	0.000262563914	0.0009872680516	0.0005746117239	-0.0002902816833	0.0001909047234	0.0003467083043	0.0005823106005	9.245370659e-005	0.000743217592	0.0005286795609	0.0004964078513	0.000464565427	0.00100541374	0.0004634402433	0.0002974293817	0.0008013102154	0.0003822933958	0.0005999083136	0.0006051176321	0.0005374526101	0.0003723950753	0.0005100317698	0.0006313303263	0.0007813273294	0.0005635436371	0.0004614156091	0.0007730596206	0.0003404507559	0.0003064501576
0.0004390775603	0.0003366716354	0.0007168772501	0.0003871396923	0.0002662338936	0.0006389596526	0.0005200945037	0.0005724309681	0.0007269514675	0.0002342962009	0.0005564155408	0.0003186909237	0.0006000607987	0.0007253425652	0.0005816790811	0.0005292581691	0.0003470575445	0.0003260030582	0.000157239891	0.0002384849071	0.0003845131841	0.0005811867556	-2.933816801e-005	0.0003238570125	0.0003158753133	0.0005324201815	0.0002362619256	0.0006769542536	0.0003607384032	0.0004873347859	0.0004595367368	0.0006320532039	0.0005011589945	0.0003379545445	0.0006505655843	0.000299183099	0.0005020689168	0.0003750858702	0.000629383335	0.0002635417145	0.0005379440795	0.0004640266765	0.0005797970082	0.0004692076499	0.0004357943243	0.0003523743056	0.0003552698303	0.0003695075549
0.0002279020087	0.0002385808421	0.0002696750924	0.0002910375326	0.0002863467992	0.0002842069094	0.0002328090194	0.0002472243849	0.0002342962009	0.000646125198	0.0002691748079	0.0002287440457	0.0002257068058	0.0004266679517	0.0003144861065	0.0002602869508	0.0001262897493	0.000189813055	0.0001479343325	0.0002131215955	0.0002193094646	0.0002992475557	-7.103078346e-005	0.0001276986114	0.0002253977218	0.0003282858109	0.0001959925019	0.0003317118018	0.0002171972407	0.0003039466825	0.0002502126996	0.0002622479722	0.0002201529708	0.0003485037143	0.0003510373478	0.0002447410972	0.0002386762847	0.0002659537813	0.0002289896292	0.0002019425351	0.0002092889637	0.0002143178703	0.0003541359092	0.0003191131105	0.0001869655318	2.06096013e-005	0.0002076061306	0.0002133685465
0.0004629552506	0.0004097051743	0.0007170238607	0.0003735633351	0.0003235406419	0.0006526231584	0.0004679235426	0.0005124798802	0.0005564155408	0.0002691748079	0.0007372334556	0.0003268958922	0.0005863694336	0.000621467307	0.0005910972598	0.0004150306193	0.0002730291365	0.0002873258129	0.0001581657057	0.0002420810534	0.0003212273677	0.0005902023206	0.0001710534402	0.0002905962206	0.0003178944963	0.0006586800772	0.0002305696448	0.0007178976726	0.0003556824398	0.0005168288312	0.0004506464569	0.0006168812076	0.0004651498363	0.0003413070596	0.0006468608796	0.0002584786416	0.0005438688801	0.0003593696804	0.0005186032081	0.0002864052384	0.0005334823525	0.0004311166925	0.0005598398906	0.0004486333752	0.0003779074596	0.0005768557286	0.0003641757265	0.0004043303591
0.0003143908415	0.0001496843059	0.0005381380197	0.0002681545859	0.00018129011	0.000444879197	0.0003534516367	0.0003273583057	0.0003186909237	0.0002287440457	0.0003268958922	0.0007644626372	0.0002986052047	0.0009192271483	0.0003919170203	0.0003832769247	0.0001775756144	0.0002317453713	0.0001012514435	0.0001755076308	0.0002255166007	0.0003718140689	0.0001234410255	0.000146216604	0.0001965318987	0.0003663534608	0.0001847856065	0.0004694487483	0.00020183162	0.0003510599162	0.0003551178355	0.0004291858657	0.0004591193572	0.0003600707969	0.0005132856148	0.0001881286779	0.0004067636509	0.0002772912035	0.0003944692614	0.0002785458577	0.0003658531317	0.0002783911991	0.0003882853929	0.0003383687801	0.0002326866356	-0.0003234428629	0.000237746727	0.0002951418147
0.0005825174735	0.0003349891579	0.001082968855	0.0005093622845	0.0002310177117	0.0009184232087	0.000667998387	0.0007918219053	0.0006000607987	0.0002257068058	0.0005863694336	0.0002986052047	0.002264091037	0.001136793909	0.0006802360788	0.000682878848	0.0005006940617	0.0002975832867	0.0002003907173	0.0001635088226	0.0002126993852	0.0006653376845	0.0001947700364	0.0005789329815	0.0004354055456	0.0006382839548	0.0001859218815	0.0008503517681	0.0004063615496	0.000566412159	0.0007520070863	0.0008928970558	0.0009390179116	0.0003171345135	0.001115084148	0.0003665845644	0.0006615736542	0.0001731295106	0.0005727035297	0.0003558439284	0.001021711228	0.0005151605734	0.0008863814633	0.0004027082532	0.0006438167386	0.0007903371945	0.0003037388824	0.0006422950375
0.0007380575074	0.0002486097253	0.001395589967	0.0005643591747	0.0003923467987	0.001046371987	0.0006820257493	0.0004974427405	0.0007253425652	0.0004266679517	0.000621467307	0.0009192271483	0.001136793909	0.01750080566	0.0006688282804	0.000556907037	0.0003903683835	0.0002415670081	0.0002964460615	0.00039703387	0.000550797976	0.0007352192024	9.118098751e-005	0.0004097133553	0.0006492521097	0.0008128129663	0.0001587052324	0.001009309598	0.0003884568201	0.0007682080615	0.000753108024	0.0009438286286	0.0008087000817	0.0005136550282	0.001576804115	0.0004204023679	0.0007122930399	0.0004381345446	0.0006847860467	0.0001033656675	0.000848539276	0.0005577979658	0.001131790814	0.000801281759	0.0004361900095	0.000279635679	0.0006460953115	0.001068780837
0.0005498986454	0.0003497164253	0.0008680700979	0.0004934785724	0.0003139531812	0.0008694287614	0.0006996551249	0.00090522324	0.0005816790811	0.0003144861065	0.0005910972598	0.0003919170203	0.0006802360788	0.0006688282804	0.001219979153	0.000736381771	0.0004240402098	0.0004183710718	0.0002349519771	0.0003374468853	0.0005634278675	0.0006253020482	7.860518947e-006	0.0002400356902	0.0004074471803	0.000728078921	0.0002614796547	0.0007799958912	0.0004093922647	0.0005897201498	0.0005320104286	0.0009284970683	0.0005696458492	0.000400512022	0.0008558981225	0.0003636875491	0.0006387779472	0.0006102908069	0.0006795289163	0.0004188011469	0.0006850845724	0.0005290576728	0.0007656388542	0.0006188445854	0.000505377243	0.0005562349231	0.0003876849771	0.0004601259975
0.0005413749917	0.0003003957309	0.0007534514816	0.0004716451229	0.0003057751695	0.0007122831735	0.0006726789653	0.0007746753486	0.0005292581691	0.0002602869508	0.0004150306193	0.0003832769247	0.000682878848	0.000556907037	0.000736381771	0.001289690152	0.0003113200453	0.0003263781734	0.0001522828335	0.0003181795828	0.0004944032673	0.0005737060848	5.043275814e-005	0.0003248066342	0.0003433647701	0.0005797397372	0.0002088605613	0.0006751560589	0.000445114782	0.0005443842718	0.0004783274543	0.000807835941	0.0005859900393	0.0003546682037	0.0007867292013	0.0002953362658	0.0007106942892	0.0004258556367	0.0005949175871	0.0003699045865	0.000561761049	0.0005706866753	0.0007482985621	0.0004658839209	0.000467466257	0.0003870724747	0.0003302405533	0.0003836716087
0.0003267088917	0.000218939815	0.0004423550847	0.0001930320253	0.0001794016008	0.0003640018492	0.000302340234	0.0003895027683	0.0003470575445	0.0001262897493	0.0002730291365	0.0001775756144	0.0005006940617	0.0003903683835	0.0004240402098	0.0003113200453	0.000759653894	0.0001741093594	0.0001253784245	0.0001081074905	0.0003350656299	0.0003085459087	-1.740090227e-005	0.0005372077113	0.0002307708697	0.0002799812224	0.0001382959606	0.0004028572607	0.0002499684205	0.0001826608822	0.0002888736321	0.0004367307126	0.0003415490068	0.0001784428175	0.0003892451769	0.0001918364037	0.0003528287907	0.0002166680452	0.0003211616506	0.0001823845148	0.0003162225473	0.0003361757657	0.0003358239546	0.0002087295034	0.0004123015546	5.431139152e-005	0.0001672046043	0.0003558141365
0.0002388826513	0.0002234678265	0.0003830361466	0.0002738430505	0.0001380716539	0.0003998775009	0.0003479308397	0.0004436807299	0.0003260030582	0.000189813055	0.0002873258129	0.0002317453713	0.0002975832867	0.0002415670081	0.0004183710718	0.0003263781734	0.0001741093594	0.0006892670308	0.0002161531159	0.0002198276183	0.000359552717	0.0003302872245	0.0001194509435	0.0001228850556	0.0001884742186	0.0002668283101	0.000314573421	0.0003679947182	0.0002841492633	0.0002880943094	0.0003306149136	0.000388558766	0.0002401926511	0.0003072383637	0.0003975736704	0.0002642602741	0.0002778209228	0.0003902156498	0.0003474653641	0.0001470456268	0.0003314685801	0.0002668963736	0.0003436604678	0.0004400361801	0.0002444705694	-4.278819058e-005	0.0002560579368	0.0002313306686
0.0001316019792	0.0001213675563	0.0001712528993	0.0001854867132	0.0001182235836	0.0002077831392	0.0001790665001	0.000170449797	0.000157239891	0.0001479343325	0.0001581657057	0.0001012514435	0.0002003907173	0.0002964460615	0.0002349519771	0.0001522828335	0.0001253784245	0.0002161531159	0.0003755915876	0.0001671047839	0.0002144971793	0.0001901804068	2.990521278e-005	0.000123402849	0.0001743656444	0.0001917283723	0.0001569915933	0.0002030308327	0.0001653347703	0.0002091023163	0.0001934879545	0.0001599043287	0.0001759657694	0.0001593551	0.0002535918646	0.0001757916596	0.0001547075131	0.0002596974691	0.0001986754028	0.0001073647944	0.0001512138069	0.0001485101627	0.0002238282745	0.0002882267407	0.0001852254649	0.0001159453183	9.827372413e-005	0.0001672067427
0.0002071668827	0.0001652006796	0.0002251744102	0.0002446440104	0.0001832157172	0.0003273289777	0.0003052961057	0.000262563914	0.0002384849071	0.0002131215955	0.0002420810534	0.0001755076308	0.0001635088226	0.00039703387	0.0003374468853	0.0003181795828	0.0001081074905	0.0002198276183	0.0001671047839	0.0005166146541	0.000376821267	0.0002451520498	0.0002263365208	5.211774022e-005	0.0001536544957	0.0002778370832	0.0001490770699	0.0002610465491	0.0001901079736	0.0003076513221	0.0002352642908	0.0003309965286	0.0001577295566	0.0001813991925	0.0002992372477	0.0003762005087	0.0002187452848	0.0003678064329	0.0002550571079	0.0002157663521	0.0001885462829	0.0002049289339	0.00029702658	0.0003119283471	0.0001754886866	-0.0003013016194	0.0001664895028	0.000150729482
0.0002474366914	0.0002263891615	0.0004514099877	0.0003247313169	0.0004177683321	0.0004529898693	0.0007852436268	0.0009872680516	0.0003845131841	0.0002193094646	0.0003212273677	0.0002255166007	0.0002126993852	0.000550797976	0.0005634278675	0.0004944032673	0.0003350656299	0.000359552717	0.0002144971793	0.000376821267	0.001863528443	0.000359031933	7.83071112e-005	0.0002915755548	0.0003253852049	0.0003141872439	0.0001368077574	0.0004163484325	0.0004403788552	0.0002202226619	0.0002929264646	0.0004661113775	0.0002791018283	0.0002141838032	0.0005338050687	0.0003259350615	0.0002774417253	0.0008725013269	0.0003955281914	0.0001815133436	0.0003118440375	0.0005195535627	0.000481253002	0.0005172598367	0.0003171371516	8.073482556e-005	0.0003016386341	0.0001327021733
0.0005757090715	0.000370339423	0.0009183125397	0.000426928251	0.0003574669912	0.0007858348828	0.0005000614927	0.0005746117239	0.0005811867556	0.0002992475557	0.0005902023206	0.0003718140689	0.0006653376845	0.0007352192024	0.0006253020482	0.0005737060848	0.0003085459087	0.0003302872245	0.0001901804068	0.0002451520498	0.000359031933	0.0009695587079	6.476574153e-005	0.0004211924456	0.0004029427223	0.000634264827	0.0002788524957	0.0008954243463	0.0003629021844	0.0005634145664	0.000587935335	0.0008624050034	0.0005950088269	0.0003957179394	0.0007781097943	0.0002752067347	0.0004924326159	0.0003371252922	0.0006141362731	0.0003049562137	0.0006454634863	0.000457429722	0.0006007177967	0.0004896790743	0.0004582694482	7.71156583e-006	0.0004442928614	0.0004854777909
-1.02809457e-005	-0.0005177859479	7.418846237e-005	-1.113950762e-005	9.964964068e-005	-1.37398452e-005	3.349701108e-005	-0.0002902816833	-2.933816801e-005	-7.103078346e-005	0.0001710534402	0.0001234410255	0.0001947700364	9.118098751e-005	7.860518947e-006	5.043275814e-005	-1.740090227e-005	0.0001194509435	2.990521278e-005	0.0002263365208	7.83071112e-005	6.476574153e-005	0.009724288552	-6.304845789e-005	-7.753619607e-006	0.0001736467831	-0.0002109868338	0.0001521201765	-0.000129609508	3.213420065e-005	0.0001079441321	0.0001389597162	8.413485233e-005	9.313575629e-007	4.543522093e-005	2.618813782e-005	-4.180438536e-005	0.0002223345397	6.988831192e-005	0.0001323926398	0.0001895181812	-0.0001535086131	6.253333232e-005	-8.553393618e-006	3.597252543e-005	-0.0004837286161	0.0001253296198	0.0001976188859
0.0003759416282	0.0002663221588	0.0005744690288	0.0002163754994	0.0002240015404	0.0004235044815	0.0002301914726	0.0001909047234	0.0003238570125	0.0001276986114	0.0002905962206	0.000146216604	0.0005789329815	0.0004097133553	0.0002400356902	0.0003248066342	0.0005372077113	0.0001228850556	0.000123402849	5.211774022e-005	0.0002915755548	0.0004211924456	-6.304845789e-005	0.001061215485	0.0002342069811	0.0002940497518	0.000220043458	0.0005150669748	0.0002100488508	0.0001845218635	0.0003293762351	0.0004608345589	0.000427492571	0.000150777765	0.000470128633	0.0001346323134	0.000350608855	9.707559825e-005	0.0002951493907	0.0001333417683	0.0004182961071	0.0003597670023	0.0002604351266	0.0001288495795	0.0003930343827	0.000685349756	0.0002700890535	0.000423283691
0.0003259869252	0.0002164062256	0.0005756800111	0.0002700214762	0.0002321947205	0.0005241050257	0.0002858291181	0.0003467083043	0.0003158753133	0.0002253977218	0.0003178944963	0.0001965318987	0.0004354055456	0.0006492521097	0.0004074471803	0.0003433647701	0.0002307708697	0.0001884742186	0.0001743656444	0.0001536544957	0.0003253852049	0.0004029427223	-7.753619607e-006	0.0002342069811	0.0005641805484	0.0003938140528	0.0001579989649	0.0004827730016	0.0002870780871	0.0002977711361	0.0003379217944	0.0005226242086	0.0002677926398	0.0002437125788	0.0004503891655	0.0001837059896	0.0002878466283	0.0003119776348	0.00032708491	0.0001935886781	0.0003733434428	0.0002675714191	0.0004058711239	0.000440631911	0.000267030778	0.0002374643428	0.0002251880943	0.0003104426553
0.0005180377607	0.0003981604903	0.0007965194706	0.0004280023422	0.000379589433	0.0007832368374	0.0005370587246	0.0005823106005	0.0005324201815	0.0003282858109	0.0006586800772	0.0003663534608	0.0006382839548	0.0008128129663	0.000728078921	0.0005797397372	0.0002799812224	0.0002668283101	0.0001917283723	0.0002778370832	0.0003141872439	0.000634264827	0.0001736467831	0.0002940497518	0.0003938140528	0.0008757599594	0.0002279686326	0.0008117209768	0.0003725982526	0.0006145625778	0.000469552009	0.0007641864449	0.0005590200123	0.0003729032378	0.0007368334045	0.0002883174312	0.000609030413	0.0004491615657	0.0005873837379	0.0003632503377	0.0006347246997	0.0004550163954	0.0006583023843	0.0004925675714	0.0004154370058	0.0004161456354	0.0003843802791	0.0004468009206
0.0002524052872	0.0002162971772	0.0003165124683	0.0002185775549	0.0001824475762	0.0001834320839	0.0001565441654	9.245370659e-005	0.0002362619256	0.0001959925019	0.0002305696448	0.0001847856065	0.0001859218815	0.0001587052324	0.0002614796547	0.0002088605613	0.0001382959606	0.000314573421	0.0001569915933	0.0001490770699	0.0001368077574	0.0002788524957	-0.0002109868338	0.000220043458	0.0001579989649	0.0002279686326	0.0006250890316	0.0002820461131	0.0001540879155	0.0002223019982	0.0002334382392	0.0001463030109	0.0002525137925	0.0002549884481	0.0002882847084	0.0001950903254	0.0002145187375	0.0002474841167	0.0002148754155	0.0001493884454	0.000186014613	0.0001769437949	0.0002113604793	0.0003255434401	0.0001911462167	-2.262756245e-005	0.000164217153	0.0001771535418
0.0007120209199	0.0004129962456	0.001209524208	0.0004725300644	0.0003942641327	0.001013345545	0.0006319203636	0.000743217592	0.0006769542536	0.0003317118018	0.0007178976726	0.0004694487483	0.0008503517681	0.001009309598	0.0007799958912	0.0006751560589	0.0004028572607	0.0003679947182	0.0002030308327	0.0002610465491	0.0004163484325	0.0008954243463	0.0001521201765	0.0005150669748	0.0004827730016	0.0008117209768	0.0002820461131	0.00129294423	0.0004137189509	0.0006947542131	0.0006906526459	0.001037511068	0.0007063690032	0.0004463949558	0.001038793057	0.0003038522105	0.0006840686159	0.000372017764	0.0006884166037	0.0004250023935	0.0008212454384	0.0005425922762	0.0008164765053	0.0005626757611	0.0005117287316	0.0002882392455	0.0004956636317	0.0005672703947
0.0003990780953	0.0002706703593	0.0004127772356	0.000369008774	0.0001418944784	0.000406610152	0.0003933704676	0.0005286795609	0.0003607384032	0.0002171972407	0.0003556824398	0.00020183162	0.0004063615496	0.0003884568201	0.0004093922647	0.000445114782	0.0002499684205	0.0002841492633	0.0001653347703	0.0001901079736	0.0004403788552	0.0003629021844	-0.000129609508	0.0002100488508	0.0002870780871	0.0003725982526	0.0001540879155	0.0004137189509	0.001005329891	0.0002666607738	0.0003840714041	0.0003842695041	0.000356663376	0.0002248473807	0.0004510831506	0.0002342420692	0.0003972543691	0.0003193067317	0.000375227479	0.000231703888	0.0004775335624	0.0003661461044	0.0003781990917	0.0003887589054	0.0002520822276	0.0005691629636	0.000286271085	0.0004199334878
0.0004391102089	0.0002531249589	0.0006842599945	0.0004476028872	0.0002530670531	0.0007035150381	0.0005039495302	0.0004964078513	0.0004873347859	0.0003039466825	0.0005168288312	0.0003510599162	0.000566412159	0.0007682080615	0.0005897201498	0.0005443842718	0.0001826608822	0.0002880943094	0.0002091023163	0.0003076513221	0.0002202226619	0.0005634145664	3.213420065e-005	0.0001845218635	0.0002977711361	0.0006145625778	0.0002223019982	0.0006947542131	0.0002666607738	0.001014087542	0.0004489938139	0.0007232763769	0.0005103676216	0.000361112816	0.0007799127067	0.0002733806236	0.0005513373898	0.0003612868955	0.0004513329034	0.0003365352026	0.000571965973	0.0004222977013	0.0006764157953	0.0005594695484	0.0003806200466	0.0002716140432	0.0003271369115	0.0004087724189
0.0004426144723	0.0003318049898	0.0007694311642	0.0003833769465	0.0002425326749	0.0007607787305	0.0004324541077	0.000464565427	0.0004595367368	0.0002502126996	0.0004506464569	0.0003551178355	0.0007520070863	0.000753108024	0.0005320104286	0.0004783274543	0.0002888736321	0.0003306149136	0.0001934879545	0.0002352642908	0.0002929264646	0.000587935335	0.0001079441321	0.0003293762351	0.0003379217944	0.000469552009	0.0002334382392	0.0006906526459	0.0003840714041	0.0004489938139	0.000885579811	0.0006983627413	0.0006162900839	0.0003914694832	0.0007821679969	0.0003033319773	0.0004625416106	0.0002650410108	0.0004610955762	0.0002497086294	0.0006351129945	0.0003839016035	0.0005717590445	0.0004075025553	0.000386811864	-5.769372554e-005	0.0002851665724	0.0004420552381
0.0006508529665	0.00031656003	0.001205215932	0.000512915509	0.0003118631737	0.001481306224	0.0008762189341	0.00100541374	0.0006320532039	0.0002622479722	0.0006168812076	0.0004291858657	0.0008928970558	0.0009438286286	0.0009284970683	0.000807835941	0.0004367307126	0.000388558766	0.0001599043287	0.0003309965286	0.0004661113775	0.0008624050034	0.0001389597162	0.0004608345589	0.0005226242086	0.0007641864449	0.0001463030109	0.001037511068	0.0003842695041	0.0007232763769	0.0006983627413	0.002005848305	0.0005436350971	0.0004488267896	0.0009751220127	0.0002655040071	0.0007152940938	0.0005103321758	0.0007236245753	0.000468197039	0.0009245292253	0.0005626553495	0.0008119086032	0.0007051494903	0.0005145365824	0.0001396934942	0.0004148908837	0.000504263284
0.0004319528084	0.0001866153005	0.0007747381189	0.0004208387052	0.0003966831351	0.0005493753515	0.0004059636615	0.0004634402433	0.0005011589945	0.0002201529708	0.0004651498363	0.0004591193572	0.0009390179116	0.0008087000817	0.0005696458492	0.0005859900393	0.0003415490068	0.0002401926511	0.0001759657694	0.0001577295566	0.0002791018283	0.0005950088269	8.413485233e-005	0.000427492571	0.0002677926398	0.0005590200123	0.0002525137925	0.0007063690032	0.000356663376	0.0005103676216	0.0006162900839	0.0005436350971	0.002192327531	0.000358981054	0.0009891365792	0.0003262101554	0.000534923634	0.0003031796033	0.0004627703802	0.0004420996913	0.0006906043074	0.0004097064398	0.0007634835907	0.0004387860024	0.0004959681559	-0.0001466391538	0.0002371274205	0.0005701291919
0.0003092264711	0.0002369490715	0.0005018461913	0.0002924740548	0.0002079027829	0.0004445118766	0.0003134552885	0.0002974293817	0.0003379545445	0.0003485037143	0.0003413070596	0.0003600707969	0.0003171345135	0.0005136550282	0.000400512022	0.0003546682037	0.0001784428175	0.0003072383637	0.0001593551	0.0001813991925	0.0002141838032	0.0003957179394	9.313575629e-007	0.000150777765	0.0002437125788	0.0003729032378	0.0002549884481	0.0004463949558	0.0002248473807	0.000361112816	0.0003914694832	0.0004488267896	0.000358981054	0.0006361901886	0.0005118166826	0.0001967316448	0.0003783954624	0.0003152355438	0.0003489207807	0.0002730900465	0.0003087825874	0.0002934182801	0.0003987179537	0.0003949086513	0.0002623901583	3.928026921e-005	0.0002470875864	0.0002399298819
0.0006404187066	0.0003795586201	0.00120079634	0.0005989646377	0.0004382987415	0.0009829914792	0.0006701194001	0.0008013102154	0.0006505655843	0.0003510373478	0.0006468608796	0.0005132856148	0.001115084148	0.001576804115	0.0008558981225	0.0007867292013	0.0003892451769	0.0003975736704	0.0002535918646	0.0002992372477	0.0005338050687	0.0007781097943	4.543522093e-005	0.000470128633	0.0004503891655	0.0007368334045	0.0002882847084	0.001038793057	0.0004510831506	0.0007799127067	0.0007821679969	0.0009751220127	0.0009891365792	0.0005118166826	0.00156271197	0.0003474369444	0.0007379975859	0.0004105836793	0.0006166784596	0.0004458459816	0.001002857021	0.0006020559104	0.00106212466	0.0006093732205	0.0005726556725	0.0002047472834	0.0004287871471	0.0006533502401
0.000263762495	0.0001241980356	0.000307536967	0.0002368213055	0.0002228800883	0.0003441610097	0.0003058356987	0.0003822933958	0.000299183099	0.0002447410972	0.0002584786416	0.0001881286779	0.0003665845644	0.0004204023679	0.0003636875491	0.0002953362658	0.0001918364037	0.0002642602741	0.0001757916596	0.0003762005087	0.0003259350615	0.0002752067347	2.618813782e-005	0.0001346323134	0.0001837059896	0.0002883174312	0.0001950903254	0.0003038522105	0.0002342420692	0.0002733806236	0.0003033319773	0.0002655040071	0.0003262101554	0.0001967316448	0.0003474369444	0.0008077840487	0.000245052475	0.0003267887265	0.0003315592422	0.0001720598314	0.0001781084963	0.0002097413404	0.0002964850183	0.0002985147103	0.0003028627285	0.0001815542108	0.0001539088824	0.0001703654171
0.0004793381309	0.0003466921709	0.0007324803169	0.0003817442165	0.0003051691678	0.0006497229603	0.0004851009695	0.0005999083136	0.0005020689168	0.0002386762847	0.0005438688801	0.0004067636509	0.0006615736542	0.0007122930399	0.0006387779472	0.0007106942892	0.0003528287907	0.0002778209228	0.0001547075131	0.0002187452848	0.0002774417253	0.0004924326159	-4.180438536e-005	0.000350608855	0.0002878466283	0.000609030413	0.0002145187375	0.0006840686159	0.0003972543691	0.0005513373898	0.0004625416106	0.0007152940938	0.000534923634	0.0003783954624	0.0007379975859	0.000245052475	0.001127329487	0.0003044509256	0.0005288583759	0.000363859378	0.0005958863667	0.0004972458761	0.0006479022499	0.0003775975342	0.0004109591613	0.0006304215438	0.0003152741111	0.0004806384002
0.0002690741099	0.0001589761117	0.0004116926746	0.0003251597955	0.0002563974208	0.0004661678484	0.000604945656	0.0006051176321	0.0003750858702	0.0002659537813	0.0003593696804	0.0002772912035	0.0001731295106	0.0004381345446	0.0006102908069	0.0004258556367	0.0002166680452	0.0003902156498	0.0002596974691	0.0003678064329	0.0008725013269	0.0003371252922	0.0002223345397	9.707559825e-005	0.0003119776348	0.0004491615657	0.0002474841167	0.000372017764	0.0003193067317	0.0003612868955	0.0002650410108	0.0005103321758	0.0003031796033	0.0003152355438	0.0004105836793	0.0003267887265	0.0003044509256	0.001070703951	0.0004645142614	0.0003140270911	0.000296340706	0.0003655344918	0.0003947793773	0.0005526534399	0.0002697610118	0.000202421166	0.0002895677145	0.0001217843363
0.000448545166	0.0003187506609	0.0007153569077	0.0003572738295	0.00027311155	0.0007984168252	0.0005841923806	0.0005374526101	0.000629383335	0.0002289896292	0.0005186032081	0.0003944692614	0.0005727035297	0.0006847860467	0.0006795289163	0.0005949175871	0.0003211616506	0.0003474653641	0.0001986754028	0.0002550571079	0.0003955281914	0.0006141362731	6.988831192e-005	0.0002951493907	0.00032708491	0.0005873837379	0.0002148754155	0.0006884166037	0.000375227479	0.0004513329034	0.0004610955762	0.0007236245753	0.0004627703802	0.0003489207807	0.0006166784596	0.0003315592422	0.0005288583759	0.0004645142614	0.001247464505	0.0003356345518	0.0005507776713	0.0005120008476	0.0005280412259	0.0004378150487	0.0004296506867	0.0006301856317	0.0004142234769	0.0003380828725
0.0003220439833	0.0001674852573	0.0004500634752	0.0002880784379	0.0002195716539	0.0004128912518	0.0003910710597	0.0003723950753	0.0002635417145	0.0002019425351	0.0002864052384	0.0002785458577	0.0003558439284	0.0001033656675	0.0004188011469	0.0003699045865	0.0001823845148	0.0001470456268	0.0001073647944	0.0002157663521	0.0001815133436	0.0003049562137	0.0001323926398	0.0001333417683	0.0001935886781	0.0003632503377	0.0001493884454	0.0004250023935	0.000231703888	0.0003365352026	0.0002497086294	0.000468197039	0.0004420996913	0.0002730900465	0.0004458459816	0.0001720598314	0.000363859378	0.0003140270911	0.0003356345518	0.0007162252528	0.0002614989707	0.0002325688528	0.0003736315582	0.0003684907492	0.0002355621083	0.0001937214409	0.0001767135426	0.0001992958782
0.0004442483803	0.0003186932205	0.0009709259011	0.0004393556801	0.0002671300911	0.0008799408768	0.0004712700897	0.0005100317698	0.0005379440795	0.0002092889637	0.0005334823525	0.0003658531317	0.001021711228	0.000848539276	0.0006850845724	0.000561761049	0.0003162225473	0.0003314685801	0.0001512138069	0.0001885462829	0.0003118440375	0.0006454634863	0.0001895181812	0.0004182961071	0.0003733434428	0.0006347246997	0.000186014613	0.0008212454384	0.0004775335624	0.000571965973	0.0006351129945	0.0009245292253	0.0006906043074	0.0003087825874	0.001002857021	0.0001781084963	0.0005958863667	0.000296340706	0.0005507776713	0.0002614989707	0.001484822059	0.0004037559291	0.0007539150567	0.000487012182	0.0004589710718	-9.887170521e-005	0.0003519113919	0.0005471983996
0.000412057007	0.0003426235811	0.0005699694996	0.0003178683544	0.0002392288971	0.0005730269368	0.0004895146118	0.0006313303263	0.0004640266765	0.0002143178703	0.0004311166925	0.0002783911991	0.0005151605734	0.0005577979658	0.0005290576728	0.0005706866753	0.0003361757657	0.0002668963736	0.0001485101627	0.0002049289339	0.0005195535627	0.000457429722	-0.0001535086131	0.0003597670023	0.0002675714191	0.0004550163954	0.0001769437949	0.0005425922762	0.0003661461044	0.0004222977013	0.0003839016035	0.0005626553495	0.0004097064398	0.0002934182801	0.0006020559104	0.0002097413404	0.0004972458761	0.0003655344918	0.0005120008476	0.0002325688528	0.0004037559291	0.0007542092943	0.0005173481285	0.0003820986441	0.0003429440128	0.0006698250028	0.0003213868279	0.0002735729119
0.0005095901073	0.00032652272	0.0009099001905	0.0004809763241	0.0003989529646	0.0008471245412	0.0006620743768	0.0007813273294	0.0005797970082	0.0003541359092	0.0005598398906	0.0003882853929	0.0008863814633	0.001131790814	0.0007656388542	0.0007482985621	0.0003358239546	0.0003436604678	0.0002238282745	0.00029702658	0.000481253002	0.0006007177967	6.253333232e-005	0.0002604351266	0.0004058711239	0.0006583023843	0.0002113604793	0.0008164765053	0.0003781990917	0.0006764157953	0.0005717590445	0.0008119086032	0.0007634835907	0.0003987179537	0.00106212466	0.0002964850183	0.0006479022499	0.0003947793773	0.0005280412259	0.0003736315582	0.0007539150567	0.0005173481285	0.00116283978	0.0005867832576	0.0005093750041	1.761710182e-005	0.0003491827059	0.0004550020939
0.0004110762783	0.0002540101174	0.0006714239116	0.0004322977925	0.0002760568607	0.0006723310892	0.0005264784058	0.0005635436371	0.0004692076499	0.0003191131105	0.0004486333752	0.0003383687801	0.0004027082532	0.000801281759	0.0006188445854	0.0004658839209	0.0002087295034	0.0004400361801	0.0002882267407	0.0003119283471	0.0005172598367	0.0004896790743	-8.553393618e-006	0.0001288495795	0.000440631911	0.0004925675714	0.0003255434401	0.0005626757611	0.0003887589054	0.0005594695484	0.0004075025553	0.0007051494903	0.0004387860024	0.0003949086513	0.0006093732205	0.0002985147103	0.0003775975342	0.0005526534399	0.0004378150487	0.0003684907492	0.000487012182	0.0003820986441	0.0005867832576	0.00115587947	0.0003573429005	0.00016513833	0.0003662608113	0.0003547159026
0.0003576127864	0.0002447168556	0.0005526797039	0.0003041101005	0.0002383001233	0.0005215509138	0.0004377502604	0.0004614156091	0.0004357943243	0.0001869655318	0.0003779074596	0.0002326866356	0.0006438167386	0.0004361900095	0.000505377243	0.000467466257	0.0004123015546	0.0002444705694	0.0001852254649	0.0001754886866	0.0003171371516	0.0004582694482	3.597252543e-005	0.0003930343827	0.000267030778	0.0004154370058	0.0001911462167	0.0005117287316	0.0002520822276	0.0003806200466	0.000386811864	0.0005145365824	0.0004959681559	0.0002623901583	0.0005726556725	0.0003028627285	0.0004109591613	0.0002697610118	0.0004296506867	0.0002355621083	0.0004589710718	0.0003429440128	0.0005093750041	0.0003573429005	0.0006245307627	0.0002239623371	0.0002197543018	0.000389178134
0.0002575896685	0.0002786390233	-0.0002098766019	0.0003680343546	2.744594326e-006	0.0004350881367	0.0004887590192	0.0007730596206	0.0003523743056	2.06096013e-005	0.0005768557286	-0.0003234428629	0.0007903371945	0.000279635679	0.0005562349231	0.0003870724747	5.431139152e-005	-4.278819058e-005	0.0001159453183	-0.0003013016194	8.073482556e-005	7.71156583e-006	-0.0004837286161	0.000685349756	0.0002374643428	0.0004161456354	-2.262756245e-005	0.0002882392455	0.0005691629636	0.0002716140432	-5.769372554e-005	0.0001396934942	-0.0001466391538	3.928026921e-005	0.0002047472834	0.0001815542108	0.0006304215438	0.000202421166	0.0006301856317	0.0001937214409	-9.887170521e-005	0.0006698250028	1.761710182e-005	0.00016513833	0.0002239623371	0.02035762884	0.0002067402267	0.00018748952
0.0003498167763	0.0002798129013	0.0004668984177	0.0002644145107	0.0002087897569	0.0004379570419	0.000313259064	0.0003404507559	0.0003552698303	0.0002076061306	0.0003641757265	0.000237746727	0.0003037388824	0.0006460953115	0.0003876849771	0.0003302405533	0.0001672046043	0.0002560579368	9.827372413e-005	0.0001664895028	0.0003016386341	0.0004442928614	0.0001253296198	0.0002700890535	0.0002251880943	0.0003843802791	0.000164217153	0.0004956636317	0.000286271085	0.0003271369115	0.0002851665724	0.0004148908837	0.0002371274205	0.0002470875864	0.0004287871471	0.0001539088824	0.0003152741111	0.0002895677145	0.0004142234769	0.0001767135426	0.0003519113919	0.0003213868279	0.0003491827059	0.0003662608113	0.0002197543018	0.0002067402267	0.0005916368606	0.0002865855212
0.0004089428503	0.0003141983414	0.0006764024962	0.00033438441	0.0002313569146	0.0004021018843	0.0002788162037	0.0003064501576	0.0003695075549	0.0002133685465	0.0004043303591	0.0002951418147	0.0006422950375	0.001068780837	0.0004601259975	0.0003836716087	0.0003558141365	0.0002313306686	0.0001672067427	0.000150729482	0.0001327021733	0.0004854777909	0.0001976188859	0.000423283691	0.0003104426553	0.0004468009206	0.0001771535418	0.0005672703947	0.0004199334878	0.0004087724189	0.0004420552381	0.000504263284	0.0005701291919	0.0002399298819	0.0006533502401	0.0001703654171	0.0004806384002	0.0001217843363	0.0003380828725	0.0001992958782	0.0005471983996	0.0002735729119	0.0004550020939	0.0003547159026	0.000389178134	0.00018748952	0.0002865855212	0.0009881234572]
