function QP=EuroStoxx50()
QP.Rr=[0.005177595696
0.004079741787
0.004472948285
0.00D2844015561
0.003343882343
0.004591408767
0.005106073834
0.006961565511
0.005074496567
0.00495501389
0.00423222904
0.00294980252
0.001665101597
0.005362043432
0.005005243747
0.004615106076
0.0009175569292
0.007233531118
0.004132072557
0.003870271406
0.005309124841
0.0064109229
0.01149914278
0.0007435327557
0.002390921559
0.005707344508
0.006901218761
0.006354120981
0.007275108376
0.004803910898
0.004040805881
0.002503003737
0.001843456752
0.002022052028
0.003967347852
0.003568583761
0.005093081731
0.006861415013
0.007404481906
0.001828470949
0.003414534817
0.005459264218
0.003992883923
0.006303586801
0.003450311532
-0.004046709498
0.004992553812
0.004876752465]

QP.Dd=[0.0008737065843	0.0003466588531	0.0007308669312	0.0003638565178	0.0002363428241	0.0005989019982	0.000436787796	0.0005352569718	0.0004390775603	0.0002279020087	0.0004629552506	0.0003143908415	0.0005825174735	0.0007380575074	0.0005498986454	0.0005413749917	0.0003267088917	0.0002388826513	0.0001316019792	0.0002071668827	0.0002474366914	0.0005757090715	-1.02809457e-005	0.0003759416282	0.0003259869252	0.0005180377607	0.0002524052872	0.0007120209199	0.0003990780953	0.0004391102089	0.0004426144723	0.0006508529665	0.0004319528084	0.0003092264711	0.0006404187066	0.000263762495	0.0004793381309	0.0002690741099	0.000448545166	0.0003220439833	0.0004442483803	0.000412057007	0.0005095901073	0.0004110762783	0.0003576127864	0.0002575896685	0.0003498167763	0.0004089428503
0.0003466588531	0.000775600665	0.000393785394	0.0002627396634	0.00021032325	0.0003852507176	0.0002109409589	0.0002692216494	0.0003366716354	0.0002385808421	0.0004097051743	0.0001496843059	0.0003349891579	0.0002486097253	0.0003497164253	0.0003003957309	0.000218939815	0.0002234678265	0.0001213675563	0.0001652006796	0.0002263891615	0.000370339423	-0.0005177859479	0.0002663221588	0.0002164062256	0.0003981604903	0.0002162971772	0.0004129962456	0.0002706703593	0.0002531249589	0.0003318049898	0.00031656003	0.0001866153005	0.0002369490715	0.0003795586201	0.0001241980356	0.0003466921709	0.0001589761117	0.0003187506609	0.0001674852573	0.0003186932205	0.0003426235811	0.00032652272	0.0002540101174	0.0002447168556	0.0002786390233	0.0002798129013	0.0003141983414
0.0007308669312	0.000393785394	0.001818014928	0.0005361837604	0.000398432685	0.001230981025	0.0006841688957	0.0007339343772	0.0007168772501	0.0002696750924	0.0007170238607	0.0005381380197	0.001082968855	0.001395589967	0.0008680700979	0.0007534514816	0.0004423550847	0.0003830361466	0.0001712528993	0.0002251744102	0.0004514099877	0.0009183125397	7.418846237e-005	0.0005744690288	0.0005756800111	0.0007965194706	0.0003165124683	0.001209524208	0.0004127772356	0.0006842599945	0.0007694311642	0.001205215932	0.0007747381189	0.0005018461913	0.00120079634	0.000307536967	0.0007324803169	0.0004116926746	0.0007153569077	0.0004500634752	0.0009709259011	0.0005699694996	0.0009099001905	0.0006714239116	0.0005526797039	-0.0002098766019	0.0004668984177	0.0006764024962
0.0003638565178	0.0002627396634	0.0005361837604	0.000579785507	0.000239987543	0.0005000048137	0.000473377239	0.0004805842412	0.0003871396923	0.0002910375326	0.0003735633351	0.0002681545859	0.0005093622845	0.0005643591747	0.0004934785724	0.0004716451229	0.0001930320253	0.0002738430505	0.0001854867132	0.0002446440104	0.0003247313169	0.000426928251	-1.113950762e-005	0.0002163754994	0.0002700214762	0.0004280023422	0.0002185775549	0.0004725300644	0.000369008774	0.0004476028872	0.0003833769465	0.000512915509	0.0004208387052	0.0002924740548	0.0005989646377	0.0002368213055	0.0003817442165	0.0003251597955	0.0003572738295	0.0002880784379	0.0004393556801	0.0003178683544	0.0004809763241	0.0004322977925	0.0003041101005	0.0003680343546	0.0002644145107	0.00033438441
0.0002363428241	0.00021032325	0.000398432685	0.000239987543	0.0006856807184	0.0003535988796	0.0002643606783	0.0002755312083	0.0002662338936	0.0002863467992	0.0003235406419	0.00018129011	0.0002310177117	0.0003923467987	0.0003139531812	0.0003057751695	0.0001794016008	0.0001380716539	0.0001182235836	0.0001832157172	0.0004177683321	0.0003574669912	9.964964068e-005	0.0002240015404	0.0002321947205	0.000379589433	0.0001824475762	0.0003942641327	0.0001418944784	0.0002530670531	0.0002425326749	0.0003118631737	0.0003966831351	0.0002079027829	0.0004382987415	0.0002228800883	0.0003051691678	0.0002563974208	0.00027311155	0.0002195716539	0.0002671300911	0.0002392288971	0.0003989529646	0.0002760568607	0.0002383001233	2.744594326e-006	0.0002087897569	0.0002313569146
0.0005989019982	0.0003852507176	0.001230981025	0.0005000048137	0.0003535988796	0.001719258884	0.0007158548636	0.0008508189257	0.0006389596526	0.0002842069094	0.0006526231584	0.000444879197	0.0009184232087	0.001046371987	0.0008694287614	0.0007122831735	0.0003640018492	0.0003998775009	0.0002077831392	0.0003273289777	0.0004529898693	0.0007858348828	-1.37398452e-005	0.0004235044815	0.0005241050257	0.0007832368374	0.0001834320839	0.001013345545	0.000406610152	0.0007035150381	0.0007607787305	0.001481306224	0.0005493753515	0.0004445118766	0.0009829914792	0.0003441610097	0.0006497229603	0.0004661678484	0.0007984168252	0.0004128912518	0.0008799408768	0.0005730269368	0.0008471245412	0.0006723310892	0.0005215509138	0.0004350881367	0.0004379570419	0.0004021018843
0.000436787796	0.0002109409589	0.0006841688957	0.000473377239	0.0002643606783	0.0007158548636	0.001076085742	0.001026182379	0.0005200945037	0.0002328090194	0.0004679235426	0.0003534516367	0.000667998387	0.0006820257493	0.0006996551249	0.0006726789653	0.000302340234	0.0003479308397	0.0001790665001	0.0003052961057	0.0007852436268	0.0005000614927	3.349701108e-005	0.0002301914726	0.0002858291181	0.0005370587246	0.0001565441654	0.0006319203636	0.0003933704676	0.0005039495302	0.0004324541077	0.0008762189341	0.0004059636615	0.0003134552885	0.0006701194001	0.0003058356987	0.0004851009695	0.000604945656	0.0005841923806	0.0003910710597	0.0004712700897	0.0004895146118	0.0006620743768	0.0005264784058	0.0004377502604	0.0004887590192	0.000313259064	0.0002788162037
0.0005352569718	0.0002692216494	0.0007339343772	0.0004805842412	0.0002755312083	0.0008508189257	0.001026182379	0.001903363572	0.0005724309681	0.0002472243849	0.0005124798802	0.0003273583057	0.0007918219053	0.0004974427405	0.00090522324	0.0007746753486	0.0003895027683	0.0004436807299	0.000170449797	0.000262563914	0.0009872680516	0.0005746117239	-0.0002902816833	0.0001909047234	0.0003467083043	0.0005823106005	9.245370659e-005	0.000743217592	0.0005286795609	0.0004964078513	0.000464565427	0.00100541374	0.0004634402433	0.0002974293817	0.0008013102154	0.0003822933958	0.0005999083136	0.0006051176321	0.0005374526101	0.0003723950753	0.0005100317698	0.0006313303263	0.0007813273294	0.0005635436371	0.0004614156091	0.0007730596206	0.0003404507559	0.0003064501576
0.0004390775603	0.0003366716354	0.0007168772501	0.0003871396923	0.0002662338936	0.0006389596526	0.0005200945037	0.0005724309681	0.0007269514675	0.0002342962009	0.0005564155408	0.0003186909237	0.0006000607987	0.0007253425652	0.0005816790811	0.0005292581691	0.0003470575445	0.0003260030582	0.000157239891	0.0002384849071	0.0003845131841	0.0005811867556	-2.933816801e-005	0.0003238570125	0.0003158753133	0.0005324201815	0.0002362619256	0.0006769542536	0.0003607384032	0.0004873347859	0.0004595367368	0.0006320532039	0.0005011589945	0.0003379545445	0.0006505655843	0.000299183099	0.0005020689168	0.0003750858702	0.000629383335	0.0002635417145	0.0005379440795	0.0004640266765	0.0005797970082	0.0004692076499	0.0004357943243	0.0003523743056	0.0003552698303	0.0003695075549
